Model run using Apollo for R, version 0.0.6 
www.apollochoicemodelling.com

Model name                       : apollo_mmnl_normal corr3
Model description                : Correlated MMNL model 3 Normal
Model run at                     : 2019-06-07 19:15:09
Estimation method                : bfgs
Model diagnosis                  : successful convergence 
Number of individuals            : 406
Number of observations           : 4872
Estimated parameters             : 104
Number of inter-person draws     : 2000 (mlhs)

LL(start)                        : -2604.901
LL(0)                            : -5352.439
LL(final)                        : -2505.008
Rho-square (0)                   :  0.532 
Adj.Rho-square (0)               :  0.5126 
AIC                              :  5218.02 
BIC                              :  5893.11 
Time taken (hh:mm:ss)            :  105:35:11.5 
Iterations                       :  0 
Number of cores used             :  4 

Estimates:
                Estimate Std.err. t.ratio(0) p-val(0) Rob.std.err. Rob.t.ratio(0) Rob.p-val(0)
neither_mu       -0.4754   0.4258      -1.12    0.264       0.4957          -0.96        0.337
permhc_mu         3.8605   0.3799      10.16    0.000       0.5111           7.55        0.000
dist5_mu         -0.7237   0.3072      -2.36    0.018       0.3473          -2.08        0.037
dist15_mu        -1.2783   0.3168      -4.03    0.000       0.3536          -3.61        0.000
avail_mu          0.4362   0.0598       7.30    0.000       0.0760           5.74        0.000
somepriv_mu      -0.5050   0.1949      -2.59    0.010       0.1962          -2.57        0.010
notpriv_mu       -0.5493   0.1876      -2.93    0.003       0.2211          -2.48        0.013
device_mu        -2.8996   0.3073      -9.44    0.000       0.4564          -6.35        0.000
voucher_mu        1.4904   0.4183       3.56    0.000       0.4244           3.51        0.000
cash_mu           2.4993   0.5128       4.87    0.000       0.6068           4.12        0.000
pricenone_mu     -0.0017   0.0586      -0.03    0.977       0.0638          -0.03        0.979
pricevoucher_mu  -0.1242   0.0502      -2.47    0.013       0.0494          -2.51        0.012
pricecash_mu     -0.1368   0.0540      -2.53    0.011       0.0598          -2.29        0.022
s0101            -4.0715   0.5499      -7.40    0.000       0.7340          -5.55        0.000
s0201            -3.8608   0.5225      -7.39    0.000       0.8526          -4.53        0.000
s0202            -2.7620   0.3929      -7.03    0.000       0.5009          -5.51        0.000
s0301             1.7358   0.4661       3.72    0.000       0.6610           2.63        0.009
s0302             0.0306   0.3655       0.08    0.933       0.3962           0.08        0.939
s0303             0.5009   0.3074       1.63    0.103       0.3697           1.35        0.175
s0401             1.6363   0.4494       3.64    0.000       0.5590           2.93        0.003
s0402             0.1094   0.3849       0.28    0.776       0.5051           0.22        0.828
s0403             0.0219   0.3740       0.06    0.953       0.5988           0.04        0.971
s0404             0.0941   0.2556       0.37    0.713       0.3359           0.28        0.779
s0501            -0.2292   0.0649      -3.53    0.000       0.0856          -2.68        0.007
s0502             0.1191   0.0567       2.10    0.036       0.0767           1.55        0.120
s0503             0.2993   0.0654       4.58    0.000       0.1043           2.87        0.004
s0504            -0.2955   0.0702      -4.21    0.000       0.0795          -3.72        0.000
s0505            -0.3350   0.0548      -6.11    0.000       0.0625          -5.36        0.000
s0601             0.0305   0.2202       0.14    0.890       0.2312           0.13        0.895
s0602             0.0668   0.2106       0.32    0.751       0.2167           0.31        0.758
s0603             0.4656   0.2371       1.96    0.050       0.3104           1.50        0.134
s0604             0.4670   0.2715       1.72    0.085       0.2631           1.78        0.076
s0605             1.2377   0.2557       4.84    0.000       0.3981           3.11        0.002
s0606             1.3226   0.2318       5.71    0.000       0.3051           4.34        0.000
s0701            -0.2410   0.2164      -1.11    0.265       0.2814          -0.86        0.392
s0702             0.1167   0.1988       0.59    0.557       0.2181           0.54        0.593
s0703             0.6624   0.2343       2.83    0.005       0.3352           1.98        0.048
s0704             0.0162   0.2620       0.06    0.951       0.3345           0.05        0.961
s0705             1.4117   0.2504       5.64    0.000       0.4060           3.48        0.001
s0706             0.7646   0.2608       2.93    0.003       0.4578           1.67        0.095
s0707             0.2057   0.1729       1.19    0.234       0.2341           0.88        0.379
s0801             2.2723   0.2518       9.03    0.000       0.3220           7.06        0.000
s0802             0.3805   0.1893       2.01    0.044       0.1948           1.95        0.051
s0803             1.7295   0.2842       6.08    0.000       0.4000           4.32        0.000
s0804             5.8701   0.5706      10.29    0.000       0.9662           6.08        0.000
s0805            -0.0137   0.2492      -0.05    0.956       0.3911          -0.03        0.972
s0806            -1.5840   0.2427      -6.53    0.000       0.3296          -4.81        0.000
s0807            -0.9584   0.1765      -5.43    0.000       0.2042          -4.69        0.000
s0808            -2.1367   0.2612      -8.18    0.000       0.3858          -5.54        0.000
s0901            -1.7535   0.5007      -3.50    0.000       0.6021          -2.91        0.004
s0902             1.9649   0.4898       4.01    0.000       0.5753           3.42        0.001
s0903             0.1130   0.4880       0.23    0.817       0.5278           0.21        0.831
s0904            -2.9797   0.6467      -4.61    0.000       0.7894          -3.77        0.000
s0905             0.4557   0.4859       0.94    0.348       0.5973           0.76        0.446
s0906            -1.6728   0.5338      -3.13    0.002       0.5109          -3.27        0.001
s0907             1.8327   0.4459       4.11    0.000       0.5811           3.15        0.002
s0908             0.5733   0.5794       0.99    0.322       0.6792           0.84        0.399
s0909             2.0296   0.4857       4.18    0.000       0.5038           4.03        0.000
s1001            -2.7052   0.6087      -4.44    0.000       0.8963          -3.02        0.003
s1002             0.9418   0.5180       1.82    0.069       0.5186           1.82        0.069
s1003            -1.3188   0.5754      -2.29    0.022       0.6796          -1.94        0.052
s1004            -2.0847   0.7342      -2.84    0.005       0.9950          -2.10        0.036
s1005             0.8335   0.5872       1.42    0.156       0.8076           1.03        0.302
s1006            -0.3322   0.5579      -0.60    0.552       0.7061          -0.47        0.638
s1007            -0.9410   0.4766      -1.97    0.048       0.4671          -2.01        0.044
s1008             2.1897   0.5349       4.09    0.000       0.5720           3.83        0.000
s1009             1.3885   0.5465       2.54    0.011       0.5634           2.46        0.014
s1010            -2.6486   0.5317      -4.98    0.000       0.6789          -3.90        0.000
s1101            -0.0271   0.0628      -0.43    0.666       0.0652          -0.42        0.678
s1102             0.1148   0.0530       2.17    0.030       0.0457           2.51        0.012
s1103            -0.1172   0.0651      -1.80    0.072       0.0731          -1.60        0.109
s1104            -0.4823   0.0694      -6.95    0.000       0.0878          -5.49        0.000
s1105             0.2479   0.0558       4.44    0.000       0.0693           3.58        0.000
s1106            -0.0140   0.0539      -0.26    0.795       0.0676          -0.21        0.836
s1107            -0.3137   0.0543      -5.78    0.000       0.0756          -4.15        0.000
s1108             0.2776   0.0554       5.01    0.000       0.0662           4.20        0.000
s1109             0.2480   0.0497       4.99    0.000       0.0735           3.38        0.001
s1110            -0.0229   0.0455      -0.50    0.614       0.0502          -0.46        0.648
s1111            -0.2659   0.0558      -4.77    0.000       0.0620          -4.29        0.000
s1201            -0.0924   0.0499      -1.85    0.064       0.0464          -1.99        0.047
s1202            -0.0110   0.0573      -0.19    0.847       0.0780          -0.14        0.887
s1203             0.1239   0.0643       1.93    0.054       0.0841           1.47        0.141
s1204             0.0198   0.0629       0.32    0.753       0.0644           0.31        0.758
s1205            -0.0756   0.0550      -1.37    0.170       0.0590          -1.28        0.201
s1206            -0.1503   0.0602      -2.50    0.013       0.0574          -2.62        0.009
s1207             0.2543   0.0542       4.69    0.000       0.0745           3.41        0.001
s1208            -0.0326   0.0622      -0.52    0.601       0.0695          -0.47        0.639
s1209             0.1086   0.0511       2.12    0.034       0.0467           2.32        0.020
s1210             0.1002   0.0288       3.48    0.001       0.0437           2.29        0.022
s1211             0.0225   0.0259       0.87    0.385       0.0275           0.82        0.414
s1212            -0.1939   0.0294      -6.59    0.000       0.0435          -4.46        0.000
s1301            -0.1447   0.0630      -2.30    0.022       0.0863          -1.68        0.094
s1302            -0.1267   0.0588      -2.15    0.031       0.0558          -2.27        0.023
s1303            -0.0452   0.0563      -0.80    0.422       0.0634          -0.71        0.476
s1304             0.2071   0.0714       2.90    0.004       0.0799           2.59        0.010
s1305            -0.0310   0.0670      -0.46    0.643       0.0932          -0.33        0.739
s1306             0.0793   0.0634       1.25    0.210       0.0797           1.00        0.319
s1307             0.0077   0.0540       0.14    0.887       0.0535           0.14        0.886
s1308             0.1357   0.0592       2.29    0.022       0.0638           2.13        0.033
s1309            -0.0044   0.0596      -0.07    0.942       0.0675          -0.06        0.949
s1310            -0.1828   0.0557      -3.28    0.001       0.0670          -2.73        0.006
s1311            -0.1187   0.0305      -3.89    0.000       0.0364          -3.26        0.001
s1312            -0.1315   0.0227      -5.79    0.000       0.0234          -5.63        0.000
s1313             0.0206   0.0231       0.89    0.372       0.0208           0.99        0.322


Overview of choices for MNL model component: 
                                    opt1    opt2 neither 
Times available                  4872.00 4872.00 4872.00 
Times chosen                     2289.00 2337.00  246.00 
Percentage chosen overall          46.98   47.97    5.05 
Percentage chosen when available   46.98   47.97    5.05 
 

Classical covariance matrix:
                neither_mu permhc_mu  dist5_mu dist15_mu  avail_mu somepriv_mu notpriv_mu device_mu voucher_mu   cash_mu pricenone_mu pricevoucher_mu
neither_mu        0.181311  0.026095  0.017595  0.009675  0.010085    0.012485   0.014559  0.000546   0.019666  0.009767     0.006713       -0.002360
permhc_mu         0.026095  0.144298 -0.067470 -0.073562  0.011017   -0.006925  -0.006147 -0.071269   0.023216  0.088291     0.000205       -0.002679
dist5_mu          0.017595 -0.067470  0.094362  0.081973 -0.001572   -0.001123   0.001930  0.023701  -0.015551 -0.067022    -0.004323        0.002194
dist15_mu         0.009675 -0.073562  0.081973  0.100390 -0.002002   -0.002870   0.000081  0.022219  -0.027778 -0.072061    -0.003829        0.002651
avail_mu          0.010085  0.011017 -0.001572 -0.002002  0.003571   -0.004410  -0.002987 -0.008545   0.005786  0.002293    -0.000143       -0.000032
somepriv_mu       0.012485 -0.006925 -0.001123 -0.002870 -0.004410    0.037986   0.023738  0.011187  -0.015042 -0.005251     0.002195       -0.001645
notpriv_mu        0.014559 -0.006147  0.001930  0.000081 -0.002987    0.023738   0.035191  0.009339  -0.013049  0.004292     0.002036       -0.001543
device_mu         0.000546 -0.071269  0.023701  0.022219 -0.008545    0.011187   0.009339  0.094441  -0.032357 -0.051720    -0.000322        0.000966
voucher_mu        0.019666  0.023216 -0.015551 -0.027778  0.005786   -0.015042  -0.013049 -0.032357   0.174999  0.001704     0.002785        0.013881
                pricecash_mu     s0101     s0201     s0202     s0301     s0302     s0303     s0401     s0402     s0403     s0404     s0501     s0502
neither_mu         -0.002827  0.023890  0.009887 -0.003329 -0.016770 -0.000190 -0.004242 -0.016457  0.008937 -0.021811 -0.000178 -0.001584  0.003400
permhc_mu           0.000210 -0.088669 -0.111090 -0.060403  0.060334  0.002093  0.011781  0.059407  0.003594  0.006760 -0.010756 -0.007058  0.002213
dist5_mu           -0.002152  0.023897  0.042887  0.013158 -0.024147 -0.002565 -0.011865 -0.028279 -0.004804 -0.019576  0.005344  0.002486 -0.000717
dist15_mu          -0.000983  0.026954  0.059218  0.022166 -0.042400 -0.008122 -0.014929 -0.048716 -0.012109 -0.029412 -0.016252  0.002895 -0.001285
avail_mu           -0.000923 -0.011507 -0.011335 -0.007557  0.005849  0.000099  0.000291  0.004591  0.001741 -0.003168 -0.001951 -0.001347  0.000479
somepriv_mu        -0.000127  0.014094  0.018392  0.007846 -0.011767  0.002898 -0.002088 -0.010066 -0.000537  0.003305  0.003004  0.002624  0.000041
notpriv_mu          0.000485  0.005633  0.013502  0.013300 -0.009810 -0.003394 -0.000162 -0.010526 -0.007896  0.006323 -0.002167  0.000363 -0.000344
device_mu           0.003236  0.072392  0.083018  0.057416 -0.045597 -0.005155  0.000751 -0.042857 -0.006932  0.017358  0.011071  0.005349 -0.003038
voucher_mu         -0.009023 -0.027579 -0.051617 -0.023984  0.045584 -0.002048  0.004065  0.043222  0.001862  0.001544  0.014325 -0.002343  0.001509
                    s0503     s0504     s0505     s0601     s0602     s0603     s0604     s0605     s0606     s0701     s0702     s0703     s0704
neither_mu      -0.005110 -0.000380 -0.002028  0.002541 -0.003872  0.004187 -0.008564 -0.012074  0.015438 -0.010805 -0.002935  0.004150 -0.001356
permhc_mu        0.009536 -0.006028 -0.006235  0.003768  0.002886  0.002550  0.012393  0.033930  0.033980 -0.001774  0.003070  0.009234 -0.006103
dist5_mu        -0.004028  0.000125  0.001121 -0.005026 -0.001401  0.000215 -0.005972 -0.011500 -0.006056 -0.004536 -0.002404  0.002090  0.005287
dist15_mu       -0.005053 -0.000963  0.001342 -0.004060 -0.003663  0.003016 -0.004941 -0.009635 -0.009390 -0.003458 -0.005290  0.003199  0.004166
avail_mu         0.000276 -0.001938 -0.000274  0.001897  0.001065  0.001669  0.004333  0.002024  0.003205 -0.000925  0.000113  0.002951  0.001775
somepriv_mu      0.000128  0.003386 -0.000338 -0.009561 -0.006427 -0.007718 -0.021294  0.003394  0.000983 -0.003807 -0.002194 -0.007067 -0.015500
notpriv_mu       0.001150  0.001675  0.000179 -0.004905 -0.002725 -0.008367 -0.013016  0.002374 -0.002566 -0.002586 -0.001001 -0.012982 -0.022777
device_mu       -0.006140  0.006255  0.004455  0.003456 -0.002144 -0.011693 -0.015009 -0.024830 -0.029385  0.011265  0.002240 -0.016377 -0.000727
voucher_mu       0.002922 -0.001668 -0.000672  0.003344  0.005370  0.008725  0.012911  0.004440  0.009712 -0.001166 -0.000662  0.011760  0.006826
                    s0705     s0706     s0707     s0801     s0802     s0803     s0804     s0805     s0806     s0807     s0808     s0901     s0902
neither_mu      -0.005270  0.023819 -0.001730  0.006052 -0.008658  0.004121  0.000543  0.012060  0.003493 -0.000113  0.000327 -0.022500  0.020979
permhc_mu        0.040970  0.002252  0.008570  0.050145  0.011565  0.033932  0.137265 -0.019227 -0.035743 -0.023888 -0.051183 -0.035965  0.029593
dist5_mu        -0.012901  0.007309 -0.001956 -0.014667 -0.004585 -0.004357 -0.042204  0.014004  0.007104  0.006991  0.011298  0.011612  0.002915
dist15_mu       -0.011741  0.003814 -0.000857 -0.018250 -0.004008 -0.004650 -0.048371  0.009640  0.008143  0.009303  0.011891  0.016368 -0.006469
avail_mu         0.004366  0.001762  0.000472  0.005742  0.000454  0.005553  0.016130 -0.002206 -0.003765 -0.002389 -0.005821 -0.005035  0.003997
somepriv_mu     -0.002266 -0.001438  0.002347 -0.004785 -0.001308 -0.008322 -0.017727  0.002201  0.004116  0.001783  0.006658  0.007222  0.000095
notpriv_mu       0.002966 -0.008020  0.005689 -0.002529 -0.000525 -0.011800 -0.010975 -0.000257  0.002372  0.002740  0.004460  0.010255 -0.008301
device_mu       -0.034695 -0.006884 -0.004978 -0.047334 -0.011533 -0.045712 -0.134678  0.019146  0.035155  0.020415  0.044709  0.039012 -0.030212
voucher_mu       0.010011  0.001052 -0.000494  0.021602  0.005205  0.022830  0.062946 -0.009853 -0.012718 -0.011875 -0.017915 -0.019267 -0.015279
                    s0903     s0904     s0905     s0906     s0907     s0908     s0909     s1001     s1002     s1003     s1004     s1005     s1006
neither_mu      -0.022302  0.037749 -0.008170  0.002490 -0.014430  0.008677 -0.019477 -0.033158 -0.008165  0.000885  0.042399 -0.009856  0.006314
permhc_mu        0.005817 -0.074395  0.020902 -0.048900  0.065980 -0.001463  0.052608 -0.052203  0.019146 -0.025884 -0.087006  0.036139 -0.022696
dist5_mu         0.009667  0.034998 -0.014870  0.013015 -0.028709  0.000232 -0.009095  0.010211 -0.009020  0.021900  0.061746 -0.019642  0.010091
dist15_mu        0.007844  0.059484 -0.019393  0.021199 -0.040623 -0.002562 -0.015957  0.027739 -0.007142  0.028252  0.070548 -0.013895  0.007542
avail_mu         0.002257 -0.004015  0.001949 -0.004023  0.003907  0.000442  0.005795 -0.010596  0.000422 -0.001458 -0.003157  0.001061 -0.003785
somepriv_mu      0.000471  0.016407 -0.001011  0.004227 -0.005943 -0.000221 -0.007025  0.024155 -0.004030  0.003006  0.009809 -0.000428  0.002962
notpriv_mu       0.002637  0.025264 -0.005862  0.003828 -0.006446 -0.012704 -0.007132  0.032616  0.003739  0.000578 -0.001038  0.008519 -0.001520
device_mu       -0.008000  0.061020 -0.011209  0.032630 -0.049217  0.000458 -0.048712  0.065412 -0.008653 -0.002891  0.053000 -0.011869  0.014289
voucher_mu      -0.030691 -0.121694  0.048908  0.002447  0.036226  0.000295  0.020596 -0.062926  0.000072 -0.004829 -0.033909 -0.008825 -0.016678
                    s1007     s1008     s1009     s1010     s1101     s1102     s1103     s1104     s1105     s1106     s1107     s1108     s1109
neither_mu       0.016790  0.003424  0.011046  0.025890  0.000090  0.000232 -0.000844  0.001913 -0.001000 -0.001413  0.003444 -0.000774 -0.002650
permhc_mu       -0.021429  0.047425  0.009445 -0.063083  0.000112  0.002169 -0.004280 -0.011449  0.004777  0.001475 -0.008108  0.006592  0.006009
dist5_mu         0.009283 -0.018323  0.000246  0.024853 -0.000864 -0.000364  0.002671  0.004211 -0.001737 -0.000480  0.002393 -0.001522 -0.001773
dist15_mu        0.011703 -0.020130  0.001162  0.028888 -0.000247 -0.000646  0.002438  0.005859 -0.002511  0.000529  0.002931 -0.002181 -0.002499
avail_mu         0.000348  0.004884  0.001338 -0.006422 -0.000270  0.000135 -0.000289 -0.001024  0.000215  0.000328 -0.000995  0.000798  0.000684
somepriv_mu     -0.002586 -0.003882 -0.000700  0.005952  0.000765 -0.000297  0.000457  0.000974  0.000696 -0.000956  0.001095 -0.001085 -0.001229
notpriv_mu       0.000932 -0.004601 -0.003283  0.002130  0.000962 -0.000345  0.000750  0.001054  0.000204 -0.000181  0.000625 -0.001228 -0.001161
device_mu        0.011902 -0.035335 -0.018450  0.039989  0.001286 -0.000746  0.002297  0.010591 -0.002562 -0.002845  0.006834 -0.005831 -0.006692
voucher_mu       0.016889  0.010578 -0.001783 -0.006392 -0.002360  0.000354 -0.001680 -0.006428  0.001546  0.000894 -0.001104  0.002065  0.003472
                    s1110     s1111     s1201     s1202     s1203     s1204     s1205     s1206     s1207     s1208     s1209     s1210     s1211
neither_mu       0.001882  0.000572 -0.002395  0.003249 -0.003218  0.001324 -0.000234  0.000783 -0.003768  0.000902 -0.001338 -0.001532 -0.000136
permhc_mu       -0.002524 -0.006213 -0.001437 -0.002031  0.004514 -0.001927  0.000454 -0.005027  0.008654 -0.001567  0.003595  0.003651  0.000822
dist5_mu         0.001512  0.001808  0.001108  0.001649 -0.001396  0.001734 -0.001049  0.001211 -0.003675  0.000179 -0.000614 -0.002054 -0.000471
dist15_mu        0.001544  0.001624  0.001268  0.000970 -0.002132  0.001873 -0.000874  0.001473 -0.004934  0.000031 -0.001351 -0.002432 -0.000595
avail_mu        -0.000267 -0.000831 -0.000240 -0.000012  0.000295  0.000067  0.000056 -0.000371  0.000547 -0.000089  0.000352  0.000265  0.000129
somepriv_mu     -0.000006  0.001065  0.000308  0.000471 -0.000031  0.000529  0.000083  0.000736 -0.000785  0.000274 -0.000374 -0.000220 -0.000452
notpriv_mu      -0.000344  0.000966  0.000437 -0.000492  0.000680  0.001220 -0.000358  0.000292 -0.000597 -0.000941 -0.000446 -0.000022 -0.000307
device_mu        0.002258  0.005800  0.001319  0.000607 -0.001894  0.000851  0.000090  0.003455 -0.006013  0.001052 -0.002763 -0.002211 -0.000404
voucher_mu      -0.000980 -0.002378  0.000076 -0.003967 -0.002468 -0.009323  0.005180  0.000986  0.003182  0.000211  0.000942  0.001411 -0.000690
                    s1212     s1301     s1302     s1303     s1304     s1305     s1306     s1307     s1308     s1309     s1310     s1311     s1312
neither_mu      -0.000867 -0.002929 -0.000470 -0.000678  0.001351 -0.001117  0.001498  0.000629  0.000188  0.002864  0.002778 -0.000094  0.000395
permhc_mu       -0.003665 -0.001186 -0.002441  0.001136  0.001658  0.002151 -0.000226  0.000018  0.002931 -0.002083 -0.004470 -0.003297 -0.002240
dist5_mu         0.000425 -0.000327 -0.000228 -0.000550  0.002221 -0.001734  0.000914  0.000587 -0.001252  0.000944  0.001820  0.000844  0.000379
dist15_mu        0.000458  0.001294  0.000265 -0.000363  0.000809 -0.000142  0.000199  0.000606 -0.001035  0.001150  0.001778  0.001090  0.000702
avail_mu        -0.000566 -0.000617 -0.000413 -0.000039  0.000632 -0.000162 -0.000210  0.000397  0.000141 -0.000274 -0.000418 -0.000475 -0.000338
somepriv_mu      0.000788  0.002261  0.000040  0.000089 -0.000283  0.000217  0.000681 -0.000756  0.000179  0.000457  0.000470  0.000109  0.000427
notpriv_mu       0.000995  0.002908  0.000956  0.000082 -0.001152  0.001387 -0.000114 -0.000296  0.000205  0.000007 -0.000012 -0.000056  0.000458
device_mu        0.004471  0.002763  0.002589 -0.002260 -0.004156  0.000650 -0.000205 -0.000756 -0.001913  0.001352  0.002464  0.003656  0.002623
voucher_mu      -0.000796 -0.004674 -0.001508  0.001319  0.003051 -0.002673 -0.001379  0.002503  0.000386 -0.001938  0.000293 -0.002299 -0.001387
                    s1313
neither_mu      -0.000668
permhc_mu        0.001201
dist5_mu        -0.000720
dist15_mu       -0.000456
avail_mu         0.000006
somepriv_mu     -0.000112
notpriv_mu       0.000023
device_mu       -0.000773
voucher_mu       0.000180
 [ reached getOption("max.print") -- omitted 95 rows ]

Robust covariance matrix:
                neither_mu permhc_mu  dist5_mu dist15_mu  avail_mu somepriv_mu notpriv_mu device_mu voucher_mu   cash_mu pricenone_mu pricevoucher_mu
neither_mu        0.245698 -0.039067  0.067126  0.050984  0.011870    0.000710  -0.009340  0.026437   0.018395 -0.082710     0.009767       -0.000180
permhc_mu        -0.039067  0.261180 -0.111935 -0.106546  0.020476   -0.026666  -0.011210 -0.173581   0.062209  0.186299    -0.008273       -0.003776
dist5_mu          0.067126 -0.111935  0.120623  0.101826 -0.001521    0.003570  -0.002716  0.050702  -0.017978 -0.130184    -0.001299        0.002862
dist15_mu         0.050984 -0.106546  0.101826  0.125056 -0.002705    0.001827  -0.001498  0.043578  -0.034403 -0.127344    -0.000212        0.003739
avail_mu          0.011870  0.020476 -0.001521 -0.002705  0.005782   -0.008330  -0.006416 -0.022251   0.009609  0.002824    -0.001019       -0.000338
somepriv_mu       0.000710 -0.026666  0.003570  0.001827 -0.008330    0.038481   0.028414  0.035544  -0.018617 -0.010510     0.003157       -0.000494
notpriv_mu       -0.009340 -0.011210 -0.002716 -0.001498 -0.006416    0.028414   0.048896  0.028891  -0.018444  0.021591     0.002966       -0.001300
device_mu         0.026437 -0.173581  0.050702  0.043578 -0.022251    0.035544   0.028891  0.208266  -0.078083 -0.100295     0.006820        0.001752
voucher_mu        0.018395  0.062209 -0.017978 -0.034403  0.009609   -0.018617  -0.018444 -0.078083   0.180136  0.036235     0.000379        0.011968
                pricecash_mu     s0101     s0201     s0202     s0301     s0302     s0303     s0401     s0402     s0403     s0404     s0501     s0502
neither_mu         -0.004883  0.063594  0.110041 -0.010345 -0.092793  0.040978 -0.016064 -0.082021  0.094723 -0.086520  0.037100  0.003287  0.011862
permhc_mu          -0.004985 -0.246368 -0.334973 -0.136315  0.211163 -0.032228  0.022797  0.175964 -0.038402  0.021752 -0.060540 -0.019085  0.002598
dist5_mu           -0.003311  0.087332  0.142881  0.017577 -0.092455  0.032802 -0.030873 -0.080445  0.042156 -0.057415  0.030129  0.009307  0.002382
dist15_mu          -0.001256  0.078503  0.157578  0.031717 -0.114550  0.015883 -0.027192 -0.091785  0.012789 -0.068048 -0.015094  0.009050 -0.000206
avail_mu           -0.002273 -0.026539 -0.027152 -0.021721  0.018144  0.003005 -0.002062  0.014376  0.009593 -0.012628 -0.004207 -0.002028  0.002108
somepriv_mu         0.001738  0.031582  0.049287  0.029466 -0.033566  0.000982 -0.000626 -0.025799 -0.014623  0.022122  0.005437  0.003344 -0.003199
notpriv_mu          0.002292 -0.001770  0.016883  0.039027 -0.017687 -0.018463  0.014976 -0.022693 -0.045411  0.052143 -0.011275 -0.002625 -0.005521
device_mu           0.011817  0.176235  0.233701  0.160885 -0.154900  0.000630  0.030982 -0.147658 -0.009271  0.094073  0.051764  0.010144 -0.008330
voucher_mu         -0.010913 -0.061199 -0.119326 -0.061614  0.099733 -0.016694 -0.025911  0.093055  0.002547 -0.048290  0.007384 -0.006572  0.004918
                    s0503     s0504     s0505     s0601     s0602     s0603     s0604     s0605     s0606     s0701     s0702     s0703     s0704
neither_mu      -0.024964  0.005458  0.003441 -0.000303 -0.024762  0.033654 -0.032723 -0.093501  0.014097 -0.032818 -0.020199  0.030732  0.051720
permhc_mu        0.032845 -0.019399 -0.016615  0.005048  0.009466  0.006555  0.039603  0.129531  0.071256  0.004800  0.000585  0.036611 -0.051051
dist5_mu        -0.016967  0.004338  0.004748 -0.007404 -0.010899  0.007747 -0.016853 -0.062559 -0.007946 -0.019378 -0.012093  0.006157  0.038498
dist15_mu       -0.013574  0.002142  0.004076 -0.012942 -0.014798  0.015899 -0.018432 -0.050016 -0.003412 -0.021435 -0.020402  0.013993  0.026218
avail_mu         0.000924 -0.003258 -0.000605  0.000236  0.000212  0.005215  0.006033  0.003749  0.009593 -0.005529 -0.002723  0.009949  0.003861
somepriv_mu     -0.000974  0.004436 -0.000100 -0.006471 -0.006687 -0.012255 -0.019351  0.001869 -0.011503  0.004637  0.002115 -0.018434 -0.020046
notpriv_mu       0.006370  0.000604  0.001418  0.002438  0.002530 -0.026438 -0.010704  0.011016 -0.018823  0.021398  0.007972 -0.034927 -0.046524
device_mu       -0.019935  0.017628  0.011454  0.026858  0.003861 -0.056300 -0.032141 -0.083229 -0.091975  0.040739  0.018784 -0.077371  0.011966
voucher_mu       0.006317 -0.004356 -0.004148 -0.009982  0.004905  0.036194  0.014064  0.025315  0.030011 -0.016688 -0.001573  0.040299 -0.004305
                    s0705     s0706     s0707     s0801     s0802     s0803     s0804     s0805     s0806     s0807     s0808     s0901     s0902
neither_mu      -0.073841  0.115244 -0.036159 -0.033761 -0.047060  0.006884 -0.133515  0.089249  0.040612  0.028082  0.043705 -0.078766  0.057854
permhc_mu        0.145910 -0.059093  0.038305  0.131211  0.045363  0.107629  0.404700 -0.119723 -0.109659 -0.070506 -0.152490 -0.038812  0.029253
dist5_mu        -0.061908  0.063425 -0.015509 -0.041097 -0.024002 -0.019722 -0.144763  0.069272  0.034652  0.024079  0.043397 -0.016211  0.020236
dist15_mu       -0.046288  0.040017 -0.007579 -0.039645 -0.022067 -0.019485 -0.131960  0.057025  0.022337  0.021317  0.031829 -0.013297  0.015668
avail_mu         0.012378  0.007308 -0.000445  0.011901 -0.000197  0.017218  0.040173 -0.006361 -0.009624 -0.005944 -0.015740 -0.015653  0.011161
somepriv_mu     -0.017399 -0.015247  0.007494 -0.013612  0.001003 -0.030426 -0.058169  0.010929  0.012366  0.008284  0.022203  0.019642 -0.002303
notpriv_mu       0.005154 -0.047777  0.020146 -0.003130  0.009576 -0.039295 -0.016388 -0.016196  0.006044  0.003533  0.006764  0.042240 -0.028749
device_mu       -0.123997  0.002252 -0.015747 -0.114250 -0.024229 -0.136163 -0.374408  0.073599  0.112533  0.062295  0.143832  0.090467 -0.077024
voucher_mu       0.048150 -0.004405  0.007680  0.045275  0.005806  0.058402  0.157840 -0.020038 -0.043329 -0.028082 -0.054230 -0.017687 -0.028631
                    s0903     s0904     s0905     s0906     s0907     s0908     s0909     s1001     s1002     s1003     s1004     s1005     s1006
neither_mu      -0.070199  0.107006 -0.076514  0.023284 -0.106540  0.071364 -0.065429 -0.138203 -0.055723 -0.005010  0.163789 -0.177604  0.100170
permhc_mu        0.028337 -0.176035  0.118278 -0.138165  0.203039 -0.095177  0.120503 -0.079665  0.069260 -0.017067 -0.293374  0.196051 -0.151304
dist5_mu        -0.003774  0.074700 -0.049973  0.044273 -0.098114  0.054178 -0.025950 -0.031311 -0.053449  0.030816  0.172956 -0.124263  0.078404
dist15_mu       -0.018315  0.117456 -0.059555  0.049519 -0.100001  0.041155 -0.022215  0.000010 -0.043141  0.050809  0.165821 -0.101951  0.049870
avail_mu         0.003848 -0.006012  0.005233 -0.013991  0.011097 -0.001403  0.011997 -0.036018 -0.002006  0.001295 -0.008564 -0.001481 -0.010428
somepriv_mu      0.001248  0.025143 -0.009881  0.021283 -0.022736  0.003836 -0.008305  0.068044 -0.003875 -0.000260  0.015853 -0.004061  0.013640
notpriv_mu       0.000182  0.024015  0.004026  0.012267 -0.000829 -0.035891  0.003815  0.123911  0.015414 -0.021147 -0.045164  0.044682 -0.020560
device_mu       -0.034356  0.120737 -0.039237  0.106558 -0.157911  0.047579 -0.121407  0.206839 -0.038925 -0.084833  0.151320 -0.055876  0.086711
voucher_mu      -0.018336 -0.144735  0.057149 -0.024486  0.082329 -0.050127  0.039933 -0.135869  0.027246  0.052291 -0.094275  0.002016 -0.024330
                    s1007     s1008     s1009     s1010     s1101     s1102     s1103     s1104     s1105     s1106     s1107     s1108     s1109
neither_mu       0.047728  0.003981  0.120292  0.106841 -0.007560 -0.000614  0.003464  0.013118 -0.010385 -0.011669  0.012386 -0.007465 -0.009684
permhc_mu       -0.048965  0.096112 -0.025372 -0.183446  0.000868  0.005030 -0.011076 -0.030186  0.016401  0.012981 -0.025553  0.020676  0.020594
dist5_mu         0.040573 -0.028523  0.036504  0.084536 -0.002495 -0.003737  0.008324  0.010678 -0.007738 -0.007166  0.010582 -0.006828 -0.005827
dist15_mu        0.052735 -0.036266  0.029468  0.087258  0.000312 -0.002547  0.005355  0.010837 -0.008807 -0.002291  0.010019 -0.006421 -0.005904
avail_mu         0.003415  0.010670  0.008336 -0.011200 -0.001372  0.000066 -0.000518 -0.002826  0.000015  0.000698 -0.002455  0.002209  0.002215
somepriv_mu     -0.007349 -0.021443 -0.012271  0.010277  0.001352 -0.000455  0.002306  0.004556  0.001361 -0.001259  0.003039 -0.003405 -0.003868
notpriv_mu      -0.005698 -0.018885 -0.029903 -0.025775  0.003040  0.000372  0.000493  0.002392  0.002695  0.001101 -0.000924 -0.002890 -0.003427
device_mu        0.003153 -0.077368 -0.032407  0.083584  0.000056 -0.001523  0.003173  0.029768 -0.005328 -0.013126  0.018711 -0.019816 -0.024241
voucher_mu       0.019618  0.029339  0.021710 -0.003691 -0.000459  0.000757  0.002521 -0.015021  0.001490  0.003719 -0.003911  0.006755  0.011744
                    s1110     s1111     s1201     s1202     s1203     s1204     s1205     s1206     s1207     s1208     s1209     s1210     s1211
neither_mu       0.010266  0.004800 -0.006527  0.016185 -0.018734  0.005837 -0.006265  0.006816 -0.016802  0.005968 -0.006397 -0.008824  0.001226
permhc_mu       -0.010996 -0.018802 -0.000220 -0.015715  0.016589 -0.006136  0.007541 -0.016693  0.026958 -0.012332  0.007458  0.012933 -0.000007
dist5_mu         0.006952  0.005569 -0.000991  0.010329 -0.009127  0.004307 -0.003547  0.006299 -0.013133  0.005534 -0.001752 -0.007125 -0.000050
dist15_mu        0.004978  0.005085  0.000394  0.008393 -0.009903  0.004677 -0.002500  0.005182 -0.013044  0.003868 -0.002461 -0.007047 -0.001320
avail_mu        -0.000395 -0.002374 -0.000599  0.000237  0.000338  0.000707  0.000124 -0.001241  0.001355 -0.000615  0.000553  0.000519  0.000276
somepriv_mu     -0.000745  0.003954  0.001260  0.000710  0.000477  0.000008 -0.000119  0.002173 -0.002242  0.001410  0.000367 -0.000533 -0.000966
notpriv_mu      -0.002997  0.001906  0.002292 -0.004648  0.004550 -0.000280  0.001178  0.000362  0.001436 -0.002341  0.001764  0.002030 -0.000897
device_mu        0.008204  0.016918  0.002632  0.005149 -0.004690  0.000325 -0.002027  0.012873 -0.018917  0.008202 -0.004501 -0.006576  0.001246
voucher_mu      -0.000735 -0.005968  0.000755 -0.008594 -0.003229 -0.008316  0.006098 -0.002697  0.008230 -0.005890 -0.000083  0.002075 -0.002202
                    s1212     s1301     s1302     s1303     s1304     s1305     s1306     s1307     s1308     s1309     s1310     s1311     s1312
neither_mu      -0.004986 -0.015551 -0.000100 -0.008735  0.003829 -0.021012  0.012882  0.002100 -0.001568  0.018236  0.012389  0.004400  0.000101
permhc_mu       -0.005962  0.000520 -0.006387  0.010796 -0.001122  0.018274 -0.012201  0.002030  0.006976 -0.013975 -0.015445 -0.012065 -0.005902
dist5_mu        -0.001047 -0.005596 -0.000808 -0.005466  0.006106 -0.013974  0.009012  0.002260 -0.002704  0.008624  0.008229  0.004408  0.001233
dist15_mu       -0.001249 -0.001515 -0.000811 -0.002220  0.002213 -0.008767  0.005794  0.003272 -0.002734  0.007001  0.007643  0.004034  0.001771
avail_mu        -0.001675 -0.002532 -0.001198  0.000382  0.001609 -0.000957 -0.000416  0.001273  0.000098 -0.000158 -0.000470 -0.001235 -0.000983
somepriv_mu      0.003177  0.006313  0.000447 -0.000713 -0.001954  0.000731  0.001144 -0.002147 -0.000660  0.000123  0.000499  0.000919  0.001455
notpriv_mu       0.004705  0.011154  0.001283  0.000414 -0.005364  0.006471 -0.003096 -0.001364 -0.000327 -0.003442 -0.003377 -0.000654  0.001564
device_mu        0.011881  0.012195  0.007414 -0.012533 -0.008304 -0.003353  0.004219 -0.005813 -0.004182  0.007445  0.004925  0.011283  0.007138
voucher_mu      -0.003745 -0.011987 -0.001470  0.005812  0.002558 -0.001588 -0.001461  0.004440  0.001905 -0.002407  0.001458 -0.005642 -0.003153
                    s1313
neither_mu      -0.004439
permhc_mu        0.005063
dist5_mu        -0.002959
dist15_mu       -0.002437
avail_mu         0.000017
somepriv_mu     -0.000325
notpriv_mu       0.000678
device_mu       -0.002835
voucher_mu       0.000814
 [ reached getOption("max.print") -- omitted 95 rows ]

Classical correlation matrix:
                neither_mu permhc_mu  dist5_mu dist15_mu  avail_mu somepriv_mu notpriv_mu device_mu voucher_mu   cash_mu pricenone_mu pricevoucher_mu
neither_mu        1.000000  0.161331  0.134516  0.071714  0.396337    0.150438   0.182262  0.004174   0.110404  0.044731     0.269036       -0.110292
permhc_mu         0.161331  1.000000 -0.578205 -0.611189  0.485346   -0.093537  -0.086260 -0.610510   0.146097  0.453246     0.009222       -0.140342
dist5_mu          0.134516 -0.578205  1.000000  0.842226 -0.085622   -0.018759   0.033486  0.251066  -0.121015 -0.425471    -0.240145        0.142121
dist15_mu         0.071714 -0.611189  0.842226  1.000000 -0.105725   -0.046477   0.001364  0.228196  -0.209576 -0.443507    -0.206232        0.166521
avail_mu          0.396337  0.485346 -0.085622 -0.105725  1.000000   -0.378666  -0.266492 -0.465290   0.231458  0.074818    -0.040840       -0.010501
somepriv_mu       0.150438 -0.093537 -0.018759 -0.046477 -0.378666    1.000000   0.649260  0.186776  -0.184498 -0.052540     0.192160       -0.167995
notpriv_mu        0.182262 -0.086260  0.033486  0.001364 -0.266492    0.649260   1.000000  0.162000  -0.166277  0.044615     0.185242       -0.163700
device_mu         0.004174 -0.610510  0.251066  0.228196 -0.465290    0.186776   0.162000  1.000000  -0.251690 -0.328194    -0.017883        0.062592
voucher_mu        0.110404  0.146097 -0.121015 -0.209576  0.231458   -0.184498  -0.166277 -0.251690   1.000000  0.007942     0.113608        0.660412
                pricecash_mu     s0101     s0201     s0202     s0301     s0302     s0303     s0401     s0402     s0403     s0404     s0501     s0502
neither_mu         -0.122862  0.102034  0.044438 -0.019898 -0.084493 -0.001222 -0.032400 -0.086008  0.054535 -0.136966 -0.001631 -0.057342  0.140871
permhc_mu           0.010250 -0.424507 -0.559666 -0.404736  0.340750  0.015075  0.100871  0.348030  0.024585  0.047584 -0.110760 -0.286368  0.102757
dist5_mu           -0.129663  0.141479  0.267184  0.109029 -0.168642 -0.022845 -0.125634 -0.204865 -0.040638 -0.170402  0.068050  0.124711 -0.041164
dist15_mu          -0.057439  0.154711  0.357678  0.178069 -0.287093 -0.070131 -0.153251 -0.342162 -0.099305 -0.248214 -0.200651  0.140845 -0.071519
avail_mu           -0.286018 -0.350195 -0.363000 -0.321880  0.209990  0.004548  0.015813  0.170982  0.075702 -0.141774 -0.127698 -0.347402  0.141523
somepriv_mu        -0.012096  0.131508  0.180594  0.102461 -0.129521  0.040683 -0.034844 -0.114941 -0.007156  0.045337  0.060287  0.207511  0.003677
notpriv_mu          0.047869  0.054610  0.137746  0.180461 -0.112194 -0.049494 -0.002813 -0.124868 -0.109361  0.090123 -0.045178  0.029791 -0.032327
device_mu           0.194869  0.428407  0.516981  0.475552 -0.318317 -0.045892  0.007948 -0.310347 -0.058609  0.151032  0.140926  0.268253 -0.174413
voucher_mu         -0.399203 -0.119896 -0.236137 -0.145931  0.233772 -0.013396  0.031608  0.229928  0.011565  0.009866  0.133951 -0.086342  0.063649
                    s0503     s0504     s0505     s0601     s0602     s0603     s0604     s0605     s0606     s0701     s0702     s0703     s0704
neither_mu      -0.183508 -0.012719 -0.086886  0.027096 -0.043179  0.041473 -0.074078 -0.110881  0.156387 -0.117254 -0.034665  0.041598 -0.012157
permhc_mu        0.383887 -0.226012 -0.299374  0.045040  0.036074  0.028305  0.120172  0.349273  0.385861 -0.021578  0.040646  0.103740 -0.061324
dist5_mu        -0.200508  0.005797  0.066550 -0.074297 -0.021660  0.002957 -0.071612 -0.146386 -0.085036 -0.068230 -0.039359  0.029041  0.065700
dist15_mu       -0.243853 -0.043270  0.077275 -0.058185 -0.054903  0.040143 -0.057438 -0.118912 -0.127839 -0.050430 -0.083966  0.043088  0.050189
avail_mu         0.070751 -0.461839 -0.083508  0.144181  0.084641  0.117753  0.267097  0.132466  0.231354 -0.071535  0.009544  0.210735  0.113388
somepriv_mu      0.010028  0.247441 -0.031657 -0.222756 -0.156601 -0.167005 -0.402429  0.068104  0.021753 -0.090260 -0.056607 -0.154744 -0.303569
notpriv_mu       0.093749  0.127186  0.017418 -0.118738 -0.068988 -0.188104 -0.255570  0.049486 -0.058997 -0.063706 -0.026838 -0.295339 -0.463470
device_mu       -0.305503  0.289904  0.264433  0.051063 -0.033128 -0.160463 -0.179898 -0.315946 -0.412457  0.169381  0.036656 -0.227434 -0.009030
voucher_mu       0.106805 -0.056796 -0.029303  0.036298  0.060960  0.087960  0.113685  0.041503  0.100148 -0.012880 -0.007960  0.119980  0.062286
                    s0705     s0706     s0707     s0801     s0802     s0803     s0804     s0805     s0806     s0807     s0808     s0901     s0902
neither_mu      -0.049433  0.214468 -0.023503  0.056452 -0.107408  0.034050  0.002234  0.113652  0.033795 -0.001509  0.002940 -0.105531  0.100597
permhc_mu        0.430771  0.022733  0.130499  0.524341  0.160820  0.314265  0.633263 -0.203106 -0.387695 -0.356283 -0.515809 -0.189091  0.159067
dist5_mu        -0.167740  0.091218 -0.036837 -0.189653 -0.078843 -0.049899 -0.240775  0.182931  0.095280  0.128945  0.140803  0.075498  0.019378
dist15_mu       -0.148004  0.046146 -0.015650 -0.228792 -0.066823 -0.051633 -0.267545  0.122086  0.105897  0.166342  0.143675  0.103171 -0.041689
avail_mu         0.291824  0.113048  0.045738  0.381676  0.040096  0.326940  0.473023 -0.148114 -0.259578 -0.226490 -0.372891 -0.168274  0.136581
somepriv_mu     -0.046442 -0.028281  0.069660 -0.097528 -0.035448 -0.150223 -0.159395  0.045315  0.087012  0.051826  0.130775  0.074006  0.000998
notpriv_mu       0.063159 -0.163905  0.175424 -0.053545 -0.014796 -0.221298 -0.102527 -0.005504  0.052093  0.082738  0.091015  0.109181 -0.090350
device_mu       -0.450927 -0.085888 -0.093700 -0.611805 -0.198245 -0.523317 -0.768018  0.249999  0.471341  0.376364  0.556941  0.253537 -0.200735
voucher_mu       0.095586  0.009637 -0.006824  0.205117  0.065724  0.192001  0.263694 -0.094512 -0.125261 -0.160825 -0.163946 -0.091984 -0.074576
                    s0903     s0904     s0905     s0906     s0907     s0908     s0909     s1001     s1002     s1003     s1004     s1005     s1006
neither_mu      -0.107319  0.137075 -0.039491  0.010955 -0.075991  0.035169 -0.094183 -0.127931 -0.037022  0.003612  0.135614 -0.039420  0.026580
permhc_mu        0.031375 -0.302819  0.113253 -0.241143  0.389491 -0.006646  0.285162 -0.225772  0.097306 -0.118426 -0.311949  0.162028 -0.107094
dist5_mu         0.064478  0.176160 -0.099633  0.079370 -0.209573  0.001302 -0.060962  0.054611 -0.056690  0.123910  0.273763 -0.108900  0.058884
dist15_mu        0.050728  0.290284 -0.125979  0.125330 -0.287505 -0.013953 -0.103701  0.143828 -0.043518  0.154971  0.303251 -0.074686  0.042670
avail_mu         0.077378 -0.103879  0.067119 -0.126104  0.146594  0.012754  0.199684 -0.291313  0.013643 -0.042413 -0.071961  0.030234 -0.113520
somepriv_mu      0.004952  0.130163 -0.010671  0.040625 -0.068376 -0.001959 -0.074215  0.203604 -0.039920  0.026809  0.068546 -0.003738  0.027245
notpriv_mu       0.028804  0.208236 -0.064321  0.038225 -0.077051 -0.116878 -0.078281  0.285636  0.038478  0.005356 -0.007538  0.077342 -0.014527
device_mu       -0.053337  0.307016 -0.075073  0.198898 -0.359130  0.002570 -0.326379  0.349684 -0.054362 -0.016352  0.234887 -0.065775  0.083345
voucher_mu      -0.150326 -0.449798  0.240634  0.010956  0.194188  0.001218  0.101374 -0.247122  0.000332 -0.020061 -0.110396 -0.035927 -0.071462
                    s1007     s1008     s1009     s1010     s1101     s1102     s1103     s1104     s1105     s1106     s1107     s1108     s1109
neither_mu       0.082744  0.015033  0.047469  0.114358  0.003384  0.010290 -0.030446  0.064755 -0.042098 -0.061517  0.149065 -0.032821 -0.125224
permhc_mu       -0.118376  0.233417  0.045496 -0.312339  0.004719  0.107791 -0.173098 -0.434523  0.225335  0.071981 -0.393389  0.313424  0.318349
dist5_mu         0.063413 -0.111519  0.001467  0.152168 -0.044843 -0.022343  0.133574  0.197640 -0.101328 -0.028996  0.143568 -0.089508 -0.116133
dist15_mu        0.077508 -0.118783  0.006708  0.171478 -0.012432 -0.038486  0.118219  0.266601 -0.141975  0.030961  0.170505 -0.124338 -0.158736
avail_mu         0.012226  0.152806  0.040982 -0.202108 -0.072024  0.042721 -0.074367 -0.247098  0.064411  0.101675 -0.306777  0.241232  0.230356
somepriv_mu     -0.027847 -0.037237 -0.006572  0.057433  0.062581 -0.028772  0.036047  0.072046  0.064030 -0.090935  0.103498 -0.100579 -0.126920
notpriv_mu       0.010428 -0.045858 -0.032018  0.021354  0.081681 -0.034760  0.061457  0.080991  0.019527 -0.017900  0.061422 -0.118275 -0.124503
device_mu        0.081270 -0.214973 -0.109857  0.244741  0.066701 -0.045845  0.114833  0.496861 -0.149401 -0.171656  0.409867 -0.342717 -0.438191
voucher_mu       0.084717  0.047278 -0.007799 -0.028739 -0.089881  0.015977 -0.061702 -0.221523  0.066228  0.039627 -0.048620  0.089179  0.166997
                    s1110     s1111     s1201     s1202     s1203     s1204     s1205     s1206     s1207     s1208     s1209     s1210     s1211
neither_mu       0.097210  0.024068 -0.112823  0.133051 -0.117577  0.049408 -0.010010  0.030521 -0.163364  0.034038 -0.061487 -0.124848 -0.012353
permhc_mu       -0.146140 -0.293131 -0.075864 -0.093238  0.184857 -0.080582  0.021725 -0.219731  0.420582 -0.066334  0.185231  0.333447  0.083539
dist5_mu         0.108303  0.105474  0.072355  0.093630 -0.070719  0.089701 -0.062084  0.065469 -0.220884  0.009380 -0.039090 -0.231999 -0.059168
dist15_mu        0.107217  0.091831  0.080288  0.053400 -0.104674  0.093940 -0.050120  0.077171 -0.287483  0.001557 -0.083422 -0.266314 -0.072489
avail_mu        -0.098443 -0.249123 -0.080615 -0.003618  0.076854  0.017921  0.017047 -0.103038  0.168888 -0.024075  0.115231  0.154017  0.083283
somepriv_mu     -0.000649  0.097900  0.031725  0.042180 -0.002491  0.043160  0.007730  0.062711 -0.074358  0.022583 -0.037591 -0.039205 -0.089591
notpriv_mu      -0.040344  0.092263  0.046728 -0.045770  0.056360  0.103354 -0.034685  0.025859 -0.058767 -0.080654 -0.046512 -0.004117 -0.063266
device_mu        0.161641  0.338231  0.086111  0.034437 -0.095898  0.043989  0.005323  0.186676 -0.361227  0.055013 -0.175953 -0.249612 -0.050732
voucher_mu      -0.051547 -0.101873  0.003626 -0.165379 -0.091782 -0.354095  0.225100  0.039122  0.140445  0.008112  0.044087  0.116997 -0.063696
                    s1212     s1301     s1302     s1303     s1304     s1305     s1306     s1307     s1308     s1309     s1310     s1311     s1312
neither_mu      -0.069153 -0.109280 -0.018778 -0.028270  0.044418 -0.039133  0.055534  0.027349  0.007474  0.112918  0.117083 -0.007253  0.040820
permhc_mu       -0.327653 -0.049590 -0.109270  0.053117  0.061114  0.084485 -0.009382  0.000895  0.130389 -0.092074 -0.211156 -0.284846 -0.259696
dist5_mu         0.047023 -0.016933 -0.012622 -0.031766  0.101219 -0.084204  0.046954  0.035354 -0.068869  0.051581  0.106308  0.090126  0.054347
dist15_mu        0.049066  0.064876  0.014221 -0.020341  0.035749 -0.006677  0.009932  0.035415 -0.055216  0.060966  0.100723  0.112919  0.097618
avail_mu        -0.321633 -0.164033 -0.117374 -0.011647  0.148127 -0.040542 -0.055539  0.123147  0.039904 -0.076903 -0.125413 -0.261027 -0.248745
somepriv_mu      0.137347  0.184257  0.003524  0.008111 -0.020327  0.016616  0.055139 -0.071842  0.015503  0.039354  0.043303  0.018331  0.096510
notpriv_mu       0.180061  0.246265  0.086672  0.007801 -0.086015  0.110280 -0.009552 -0.029170  0.018467  0.000595 -0.001152 -0.009751  0.107628
device_mu        0.494181  0.142798  0.143253 -0.130597 -0.189361  0.031574 -0.010546 -0.045529 -0.105206  0.073876  0.143892  0.390424  0.375865
voucher_mu      -0.064652 -0.177487 -0.061298  0.055979  0.102126 -0.095341 -0.052014  0.110799  0.015602 -0.077789  0.012590 -0.180313 -0.146028
                    s1313
neither_mu      -0.067912
permhc_mu        0.136935
dist5_mu        -0.101492
dist15_mu       -0.062322
avail_mu         0.004597
somepriv_mu     -0.024863
notpriv_mu       0.005387
device_mu       -0.109001
voucher_mu       0.018627
 [ reached getOption("max.print") -- omitted 95 rows ]

Robust correlation matrix:
                neither_mu permhc_mu  dist5_mu dist15_mu  avail_mu somepriv_mu notpriv_mu device_mu voucher_mu   cash_mu pricenone_mu pricevoucher_mu
neither_mu        1.000000 -0.154221  0.389922  0.290857  0.314939    0.007302  -0.085214  0.116870   0.087438 -0.274970     0.308825       -0.007344
permhc_mu        -0.154221  1.000000 -0.630638 -0.589541  0.526920   -0.265986  -0.099197 -0.744257   0.286801  0.600715    -0.253731       -0.149547
dist5_mu          0.389922 -0.630638  1.000000  0.829075 -0.057592    0.052392  -0.035369  0.319889  -0.121964 -0.617689    -0.058606        0.166776
dist15_mu         0.290857 -0.589541  0.829075  1.000000 -0.100580    0.026330  -0.019161  0.270028  -0.229216 -0.593409    -0.009410        0.214015
avail_mu          0.314939  0.526920 -0.057592 -0.100580  1.000000   -0.558473  -0.381579 -0.641227   0.297742  0.061191    -0.210040       -0.089893
somepriv_mu       0.007302 -0.265986  0.052392  0.026330 -0.558473    1.000000   0.655050  0.397039  -0.223601 -0.088287     0.252257       -0.050956
notpriv_mu       -0.085214 -0.099197 -0.035369 -0.019161 -0.381579    0.655050   1.000000  0.286300  -0.196520  0.160903     0.210243       -0.119009
device_mu         0.116870 -0.744257  0.319889  0.270028 -0.641227    0.397039   0.286300  1.000000  -0.403134 -0.362158     0.234245        0.077708
voucher_mu        0.087438  0.286801 -0.121964 -0.229216  0.297742   -0.223601  -0.196520 -0.403134   1.000000  0.140688     0.013981        0.570742
                pricecash_mu     s0101     s0201     s0202     s0301     s0302     s0303     s0401     s0402     s0403     s0404     s0501     s0502
neither_mu         -0.164865  0.174802  0.260387 -0.041662 -0.283204  0.208655 -0.087657 -0.296035  0.378338 -0.291497  0.222806  0.077487  0.312134
permhc_mu          -0.163226 -0.656820 -0.768788 -0.532453  0.625077 -0.159165  0.120650  0.615991 -0.148769  0.071079 -0.352631 -0.436422  0.066305
dist5_mu           -0.159546  0.342602  0.482532  0.101027 -0.402718  0.238376 -0.240429 -0.414387  0.240307 -0.276078  0.258240  0.313163  0.089474
dist15_mu          -0.059441  0.302457  0.522649  0.179039 -0.490036  0.113359 -0.207978 -0.464343  0.071598 -0.321351 -0.127058  0.299076 -0.007594
avail_mu           -0.500200 -0.475535 -0.418829 -0.570225  0.360976  0.099748 -0.073361  0.338244  0.249761 -0.277352 -0.164679 -0.311705  0.361675
somepriv_mu         0.148230  0.219357  0.294699  0.299852 -0.258856  0.012634 -0.008631 -0.235285 -0.147581  0.188327  0.082504  0.199229 -0.212726
notpriv_mu          0.173419 -0.010903  0.089552  0.352316 -0.121003 -0.210742  0.183185 -0.183599 -0.406582  0.393802 -0.151781 -0.138725 -0.325650
device_mu           0.433296  0.526156  0.600646  0.703745 -0.513484  0.003484  0.183620 -0.578852 -0.040221  0.344249  0.337651  0.259775 -0.238073
voucher_mu         -0.430261 -0.196461 -0.329761 -0.289793  0.355487 -0.099277 -0.165124  0.392245  0.011881 -0.190010  0.051787 -0.180949  0.151146
                    s0503     s0504     s0505     s0601     s0602     s0603     s0604     s0605     s0606     s0701     s0702     s0703     s0704
neither_mu      -0.482890  0.138477  0.111023 -0.002643 -0.230570  0.218720 -0.250899 -0.473781  0.093222 -0.235316 -0.186810  0.184958  0.311921
permhc_mu        0.616239 -0.477364 -0.520011  0.042715  0.085494  0.041317  0.294516  0.636598  0.457009  0.033381  0.005252  0.213715 -0.298618
dist5_mu        -0.468416  0.157095  0.218683 -0.092198 -0.144842  0.071853 -0.184417 -0.452417 -0.074990 -0.198306 -0.159622  0.052888  0.331366
dist15_mu       -0.368044  0.076176  0.184347 -0.158281 -0.193132  0.144835 -0.198086 -0.355238 -0.031626 -0.215440 -0.264477  0.118044  0.221629
avail_mu         0.116545 -0.538830 -0.127295  0.013424  0.012863  0.220953  0.301536  0.123835  0.413518 -0.258446 -0.164187  0.390345  0.151796
somepriv_mu     -0.047590  0.284401 -0.008136 -0.142678 -0.157336 -0.201249 -0.374902  0.023928 -0.192205  0.084014  0.049437 -0.280334 -0.305484
notpriv_mu       0.276209  0.034343  0.102544  0.047679  0.052815 -0.385162 -0.183968  0.125121 -0.279019  0.343942  0.165278 -0.471202 -0.628952
device_mu       -0.418842  0.485770  0.401454  0.254534  0.039047 -0.397423 -0.267669 -0.458066 -0.660596  0.317282  0.188697 -0.505775  0.078381
voucher_mu       0.142712 -0.129063 -0.156313 -0.101719  0.053343  0.274716  0.125940  0.149807  0.231766 -0.139750 -0.016986  0.283258 -0.030324
                    s0705     s0706     s0707     s0801     s0802     s0803     s0804     s0805     s0806     s0807     s0808     s0901     s0902
neither_mu      -0.366961  0.507894 -0.311648 -0.211510 -0.487285  0.034723 -0.278791  0.460358  0.248549  0.277453  0.228565 -0.263934  0.202887
permhc_mu        0.703300 -0.252594  0.320210  0.797284  0.455583  0.526563  0.819618 -0.598961 -0.650933 -0.675654 -0.773477 -0.126139  0.099500
dist5_mu        -0.439091  0.398938 -0.190777 -0.367460 -0.354701 -0.141983 -0.431412  0.509960  0.302676  0.339542  0.323907 -0.077525  0.101283
dist15_mu       -0.322431  0.247199 -0.091566 -0.348133 -0.320278 -0.137764 -0.386225  0.412294  0.191619  0.295222  0.233320 -0.062454  0.077018
avail_mu         0.400979  0.209954 -0.024979  0.486012 -0.013322  0.566160  0.546826 -0.213869 -0.383969 -0.382803 -0.536596 -0.341922  0.255145
somepriv_mu     -0.218483 -0.169795  0.163206 -0.215488  0.026255 -0.387801 -0.306915  0.142441  0.191239  0.206816  0.293406  0.166310 -0.020405
notpriv_mu       0.057415 -0.471997  0.389225 -0.043962  0.222277 -0.444309 -0.076709 -0.187266  0.082918  0.078243  0.079297  0.317279 -0.225997
device_mu       -0.669306  0.010780 -0.147419 -0.777427 -0.272492 -0.746001 -0.849151  0.412337  0.748052  0.668518  0.816999  0.329259 -0.293387
voucher_mu       0.279463 -0.022672  0.077311  0.331257  0.070208  0.344048  0.384916 -0.120712 -0.309698 -0.324036 -0.331218 -0.069218 -0.117264
                    s0903     s0904     s0905     s0906     s0907     s0908     s0909     s1001     s1002     s1003     s1004     s1005     s1006
neither_mu      -0.268343  0.273470 -0.258420  0.091944 -0.369904  0.211969 -0.262026 -0.311073 -0.216792 -0.014873  0.332084 -0.443684  0.286184
permhc_mu        0.105059 -0.436346  0.387453 -0.529173  0.683731 -0.274192  0.468063 -0.173917  0.261348 -0.049139 -0.576920  0.475029 -0.419267
dist5_mu        -0.020587  0.272462 -0.240880  0.249516 -0.486173  0.229670 -0.148319 -0.100583 -0.296778  0.130555  0.500478 -0.443046  0.319694
dist15_mu       -0.098131  0.420752 -0.281938  0.274087 -0.486662  0.171344 -0.124699  0.000031 -0.235257  0.211408  0.471249 -0.356994  0.199710
avail_mu         0.095897 -0.100152  0.115203 -0.360146  0.251166 -0.027169  0.313195 -0.528484 -0.050877  0.025051 -0.113184 -0.024118 -0.194205
somepriv_mu      0.012052  0.162368 -0.084327  0.212358 -0.199463  0.028788 -0.084039  0.386997 -0.038092 -0.001952  0.081217 -0.025637  0.098471
notpriv_mu       0.001560  0.137576  0.030480  0.108586 -0.006455 -0.238965  0.034245  0.625199  0.134426 -0.140717 -0.205268  0.250214 -0.131672
device_mu       -0.142641  0.335145 -0.143935  0.457031 -0.595495  0.153496 -0.528094  0.505673 -0.164487 -0.273518  0.333235 -0.151613  0.269076
voucher_mu      -0.081856 -0.431991  0.225418 -0.112925  0.333830 -0.173885  0.186769 -0.357162  0.123798  0.181282 -0.223235  0.005881 -0.081182
                    s1007     s1008     s1009     s1010     s1101     s1102     s1103     s1104     s1105     s1106     s1107     s1108     s1109
neither_mu       0.206152  0.014040  0.430716  0.317471 -0.233752 -0.027123  0.095604  0.301470 -0.302517 -0.348088  0.330541 -0.227610 -0.265937
permhc_mu       -0.205133  0.328761 -0.088112 -0.528694  0.026033  0.215408 -0.296520 -0.672858  0.463377  0.375562 -0.661412  0.611454  0.548531
dist5_mu         0.250115 -0.143566  0.186542  0.358506 -0.110103 -0.235474  0.327909  0.350244 -0.321705 -0.305068  0.403033 -0.297138 -0.228371
dist15_mu        0.319275 -0.179274  0.147895  0.363427  0.013523 -0.157670  0.207168  0.349092 -0.359607 -0.095770  0.374758 -0.274410 -0.227261
avail_mu         0.096160  0.245312  0.194571 -0.216948 -0.276492  0.019021 -0.093143 -0.423315  0.002854  0.135768 -0.427100  0.439036  0.396441
somepriv_mu     -0.080208 -0.191093 -0.111019  0.077160  0.105598 -0.050788  0.160854  0.264576  0.100210 -0.094922  0.204909 -0.262322 -0.268381
notpriv_mu      -0.055167 -0.149296 -0.240009 -0.171682  0.210668  0.036807  0.030527  0.123230  0.175955  0.073635 -0.055285 -0.197497 -0.210958
device_mu        0.014793 -0.296366 -0.126032  0.269761  0.001866 -0.073027  0.095137  0.743056 -0.168560 -0.425282  0.542357 -0.656277 -0.723053
voucher_mu       0.098963  0.120843  0.090784 -0.012810 -0.016572  0.039012  0.081267 -0.403157  0.050673  0.129551 -0.121882  0.240534  0.376668
                    s1110     s1111     s1201     s1202     s1203     s1204     s1205     s1206     s1207     s1208     s1209     s1210     s1211
neither_mu       0.412207  0.156102 -0.283525  0.418639 -0.449285  0.182711 -0.214144  0.239359 -0.455184  0.173330 -0.276151 -0.407158  0.089841
permhc_mu       -0.428231 -0.593088 -0.009270 -0.394256  0.385871 -0.186286  0.249987 -0.568603  0.708357 -0.347392  0.312266  0.578805 -0.000491
dist5_mu         0.398414  0.258478 -0.061460  0.381309 -0.312395  0.192410 -0.173006  0.315699 -0.507782  0.229391 -0.107919 -0.469184 -0.005199
dist15_mu        0.280154  0.231810  0.023969  0.304308 -0.332897  0.205213 -0.119759  0.255095 -0.495306  0.157477 -0.148906 -0.455741 -0.135678
avail_mu        -0.103453 -0.503317 -0.169658  0.040044  0.052878  0.144169  0.027529 -0.283999  0.239354 -0.116361  0.155491  0.156213  0.131866
somepriv_mu     -0.075543  0.324938  0.138300  0.046394  0.028920  0.000615 -0.010318  0.192798 -0.153488  0.103474  0.040084 -0.062145 -0.179000
notpriv_mu      -0.269756  0.138963  0.223168 -0.269527  0.244624 -0.019626  0.090275  0.028529  0.087199 -0.152446  0.170690  0.209933 -0.147336
device_mu        0.357818  0.597623  0.124196  0.144668 -0.122153  0.011038 -0.075242  0.491029 -0.556630  0.258756 -0.211047 -0.329588  0.099196
voucher_mu      -0.034477 -0.226676  0.038307 -0.259628 -0.090442 -0.304015  0.243399 -0.110616  0.260396 -0.199793 -0.004161  0.111828 -0.188482
                    s1212     s1301     s1302     s1303     s1304     s1305     s1306     s1307     s1308     s1309     s1310     s1311     s1312
neither_mu      -0.231068 -0.363435 -0.003606 -0.277877  0.096691 -0.454776  0.326226  0.079155 -0.049587  0.544784  0.372821  0.244066  0.008726
permhc_mu       -0.267965  0.011795 -0.223783  0.333129 -0.027480  0.383619 -0.299673  0.074211  0.213978 -0.404917 -0.450815 -0.649065 -0.494532
dist5_mu        -0.069260 -0.186638 -0.041657 -0.248184  0.220077 -0.431647  0.325719  0.121599 -0.122046  0.367683  0.353436  0.348930  0.152027
dist15_mu       -0.081143 -0.049632 -0.041066 -0.098999  0.078348 -0.265965  0.205657  0.172903 -0.121184  0.293134  0.322382  0.313630  0.214487
avail_mu        -0.505899 -0.385778 -0.282070  0.079274  0.264932 -0.134997 -0.068694  0.312933  0.020231 -0.030778 -0.092130 -0.446509 -0.553622
somepriv_mu      0.371970  0.372802  0.040796 -0.057346 -0.124700  0.039951  0.073172 -0.204517 -0.052747  0.009276  0.037922  0.128781  0.317558
notpriv_mu       0.488815  0.584336  0.103882  0.029518 -0.303654  0.313951 -0.175748 -0.115262 -0.023212 -0.230517 -0.227831 -0.081370  0.302865
device_mu        0.598018  0.309552  0.290907 -0.433058 -0.227769 -0.078816  0.116033 -0.238039 -0.143663  0.241576  0.160969  0.679741  0.669724
voucher_mu      -0.202716 -0.327173 -0.062030  0.215921  0.075453 -0.040142 -0.043223  0.195497  0.070353 -0.083977  0.051259 -0.365460 -0.318114
                    s1313
neither_mu      -0.430088
permhc_mu        0.475787
dist5_mu        -0.409212
dist15_mu       -0.330999
avail_mu         0.010840
somepriv_mu     -0.079608
notpriv_mu       0.147352
device_mu       -0.298411
voucher_mu       0.092170
 [ reached getOption("max.print") -- omitted 95 rows ]

20 worst outliers in terms of lowest average per choice prediction:
  ID Avg prob per choice
 372           0.2882472
 100           0.3000593
 303           0.3002914
 346           0.3028384
 152           0.3034358
  65           0.3105361
  62           0.3170459
  57           0.3174709
 149           0.3175730
 196           0.3176005
 266           0.3223658
  26           0.3228750
  49           0.3338569
   3           0.3421408
 186           0.3428939
 374           0.3463043
 195           0.3484911
 284           0.3508107
 209           0.3527357
   1           0.3592081

Changes in parameter estimates from starting values:
                Initial Estimate Difference
neither_mu      -0.6185  -0.4754     0.1430
permhc_mu        2.9757   3.8605     0.8848
dist5_mu        -0.5892  -0.7237    -0.1344
dist15_mu       -0.9310  -1.2783    -0.3473
avail_mu         0.3022   0.4362     0.1340
somepriv_mu     -0.2849  -0.5050    -0.2201
notpriv_mu      -0.5322  -0.5493    -0.0171
device_mu       -1.1179  -2.8996    -1.7817
voucher_mu       0.3843   1.4904     1.1061
cash_mu          1.3880   2.4993     1.1113
pricenone_mu    -0.0893  -0.0017     0.0876
pricevoucher_mu -0.0770  -0.1242    -0.0472
pricecash_mu    -0.0386  -0.1368    -0.0982
s0101           -3.2796  -4.0715    -0.7919
s0201           -2.6229  -3.8608    -1.2379
s0202           -1.9759  -2.7620    -0.7862
s0301           -0.0301   1.7358     1.7658
s0302            0.2031   0.0306    -0.1725
s0303            0.7200   0.5009    -0.2191
s0401            0.1509   1.6363     1.4854
s0402           -0.0808   0.1094     0.1902
s0403            0.6533   0.0219    -0.6314
s0404           -0.0875   0.0941     0.1815
s0501           -0.3812  -0.2292     0.1519
s0502            0.2159   0.1191    -0.0967
s0503            0.3053   0.2993    -0.0060
s0504           -0.2231  -0.2955    -0.0724
s0505           -0.1468  -0.3350    -0.1882
s0601           -0.1866   0.0305     0.2171
s0602            0.2833   0.0668    -0.2164
s0603           -0.1665   0.4656     0.6321
s0604            0.4499   0.4670     0.0172
s0605            1.1380   1.2377     0.0997
s0606            0.5839   1.3226     0.7388
s0701           -0.4587  -0.2410     0.2177
s0702            0.2976   0.1167    -0.1808
s0703           -0.0046   0.6624     0.6670
s0704            0.3155   0.0162    -0.2992
s0705            0.9391   1.4117     0.4726
s0706            0.2635   0.7646     0.5011
s0707            0.6590   0.2057    -0.4533
s0801            3.5411   2.2723    -1.2688
s0802            0.4810   0.3805    -0.1005
s0803           -0.6149   1.7295     2.3444
s0804            4.7359   5.8701     1.1341
s0805           -0.4179  -0.0137     0.4043
s0806           -1.7177  -1.5840     0.1337
s0807            0.5860  -0.9584    -1.5445
s0808           -1.4557  -2.1367    -0.6809
s0901           -1.5676  -1.7535    -0.1859
s0902            0.4635   1.9649     1.5014
s0903            0.6798   0.1130    -0.5669
s0904           -1.6180  -2.9797    -1.3617
s0905            0.4213   0.4557     0.0344
s0906           -0.2353  -1.6728    -1.4375
s0907           -1.3329   1.8327     3.1656
s0908            1.4294   0.5733    -0.8561
s0909            0.9162   2.0296     1.1134
s1001           -0.8978  -2.7052    -1.8074
s1002           -0.0170   0.9418     0.9588
s1003            0.0058  -1.3188    -1.3246
s1004           -1.8082  -2.0847    -0.2766
s1005            1.0226   0.8335    -0.1891
s1006           -0.6162  -0.3322     0.2840
s1007           -1.1783  -0.9410     0.2373
s1008            1.8454   2.1897     0.3444
s1009           -1.1185   1.3885     2.5071
s1010           -1.1395  -2.6486    -1.5091
s1101           -0.1068  -0.0271     0.0797
s1102            0.1162   0.1148    -0.0014
s1103            0.0908  -0.1172    -0.2080
s1104           -0.3566  -0.4823    -0.1257
s1105            0.2989   0.2479    -0.0510
s1106            0.0923  -0.0140    -0.1063
s1107           -0.0369  -0.3137    -0.2768
s1108           -0.0587   0.2776     0.3363
s1109           -0.0477   0.2480     0.2957
s1110           -0.2345  -0.0229     0.2116
s1111           -0.0532  -0.2659    -0.2126
s1201           -0.0727  -0.0924    -0.0198
s1202           -0.1093  -0.0110     0.0982
s1203            0.0873   0.1239     0.0366
s1204            0.0858   0.0198    -0.0659
s1205           -0.0804  -0.0756     0.0048
s1206            0.0329  -0.1503    -0.1832
s1207           -0.1324   0.2543     0.3867
s1208            0.0867  -0.0326    -0.1193
s1209            0.0589   0.1086     0.0497
s1210            0.0774   0.1002     0.0228
s1211           -0.0835   0.0225     0.1060
s1212            0.0111  -0.1939    -0.2051
s1301            0.0366  -0.1447    -0.1812
s1302           -0.1412  -0.1267     0.0145
s1303            0.0132  -0.0452    -0.0584
s1304            0.1090   0.2071     0.0981
s1305           -0.0296  -0.0310    -0.0014
s1306            0.0892   0.0793    -0.0098
s1307           -0.0685   0.0077     0.0762
s1308            0.0938   0.1357     0.0418
s1309           -0.1014  -0.0044     0.0971
s1310           -0.0595  -0.1828    -0.1234
s1311           -0.0358  -0.1187    -0.0829
s1312            0.0388  -0.1315    -0.1703
s1313           -0.0223   0.0206     0.0429
